parameters r_1_0=0.9734198 c_vin_2_00=0.8713809 r_vin_2_00=53.14853 \
    r_vin_2_2=7.706413 gm_vin_2_vin=0.6186897 rscl_2_vo_prs=79.61571 \
    g_2_vo=0.0479323 rscl_1_2_prs=55.13059 g_1_2=0.1939001 \
    rscl_vin_1_prs=65.51004 g_vin_1=0.9433348
