parameters c_1_vo_02=0.9995022 r_1_vo_02=41.40721 r_1_vo_vo=0.1945828 \
    gm_1_vo_1=0.01 rscl_2_vo_prs=79.90889 g_2_vo=0.04753337 \
    rscl_1_2_prs=40.0 g_1_2=0.06145083 rscl_vin_1_prs=79.86779 \
    g_vin_1=0.9982138
