parameters r_2_0=0.4291884 c_1_0_0=1.160204 r_1_1_0=10.0 c_1_vo=0.01 \
    c_vo_01=1.0 r_vo_01=55.08119 gm_vo_vin=0.01 rscl_2_vo_prs=65.00094 \
    g_2_vo=0.1768343 rscl_1_2_prs=42.54892 g_1_2=0.3368491 \
    rscl_vin_1_prs=40.0 g_vin_1=0.7613047
