parameters r_1_0=0.7939109 c_vo_02=0.5033959 r_vo_02=70.60985 \
    gm_vo_1=0.06629855 c_vin_vo_01=0.5 r_vin_vo_01=80.0 \
    c_vin_vo_vo=9.849872 gm_vin_vo_vin=1.500664 c_vin_2_00=1.0 \
    r_vin_2_00=40.09538 r_vin_2_2=10.0 gm_vin_2_vin=0.01 \
    rscl_2_vo_prs=79.47363 g_2_vo=0.05568064 rscl_1_2_prs=44.57952 \
    g_1_2=0.07244108 rscl_vin_1_prs=79.11281 g_vin_1=0.8615894
