parameters c_1_vo_02=0.6963482 r_1_vo_02=79.7988 gm_1_vo_1=0.01 \
    rscl_2_vo_prs=70.36062 g_2_vo=0.04550104 rscl_1_2_prs=69.93205 \
    g_1_2=0.2525529 rscl_vin_1_prs=77.36749 g_vin_1=0.9658726
