parameters r_2_0=0.353619 r_1_0=0.2466682 c_1_vo_02=0.784436 \
    r_1_vo_02=50.68363 c_1_vo_vo=5.135809 gm_1_vo_1=0.04006595 \
    rscl_2_vo_prs=61.96718 g_2_vo=0.141247 rscl_1_2_prs=40.96908 \
    g_1_2=0.3510901 rscl_vin_1_prs=64.91192 g_vin_1=0.9353985
