parameters r_2_0=1.0 c_1_vo_02=0.9491288 r_1_vo_02=42.93262 gm_1_vo_1=0.01 \
    rscl_2_vo_prs=66.28539 g_2_vo=0.09601495 rscl_1_2_prs=48.27439 \
    g_1_2=0.1659937 rscl_vin_1_prs=51.42117 g_vin_1=0.3660364
