parameters c_1_vo=0.01 c_vo_01=1.0 r_vo_01=55.08119 gm_vo_vin=0.01 \
    rscl_2_vo_prs=65.00094 g_2_vo=0.1768343 rscl_1_2_prs=32.8727 \
    g_1_2=0.3368491 rscl_vin_1_prs=40.0 g_vin_1=0.7613047
