parameters c_1_vo_02=0.522747 r_1_vo_02=40.0 r_1_vo_vo=7.419405 \
    gm_1_vo_1=0.01 rscl_2_vo_prs=41.6078 g_2_vo=0.06343631 \
    rscl_1_2_prs=58.99062 g_1_2=0.2735076 rscl_vin_1_prs=49.29369 \
    g_vin_1=0.4078957
