parameters c_2_0_0=0.5 r_2_2_0=1.714745 c_1_0=0.5 r_1_0=0.1115947 \
    c_1_vo_vo=10 r_1_1_vo=3.009229 c_vo_01=0.6685093 r_vo_01=60.56696 \
    gm_vo_vin=0.01 c_vin_2_00=0.8504824 r_vin_2_00=80 r_vin_2_2=10 \
    gm_vin_2_vin=0.1002788 rscl_2_vo_prs=40 g_2_vo=0.07695034 \
    rscl_1_2_prs=52.21542 g_1_2=0.4334553 rscl_vin_1_prs=74.91388 \
    g_vin_1=1.0
