parameters c_2_0_0=3.950683 r_2_2_0=3.756058 c_1_0_0=4.008233 \
    r_1_1_0=2.990986 c_vo_02=0.6006806 r_vo_02=66.96915 gm_vo_1=0.01 \
    rscl_2_vo_prs=55.71106 g_2_vo=0.06894785 rscl_1_2_prs=54.76987 \
    g_1_2=0.1878665 rscl_vin_1_prs=66.97032 g_vin_1=0.8495611
