parameters c_1_vo_02=0.5 r_1_vo_02=40.22983 gm_1_vo_1=0.01 \
    rscl_2_vo_prs=75.44523 g_2_vo=0.1066534 rscl_1_2_prs=40.02803 \
    g_1_2=0.1186879 rscl_vin_1_prs=40.8106 g_vin_1=0.4048205
